{
  "advancedEditorSelectedIdentifier" : "ProjectBrowser",
  "openSceneRelativePaths" : [
    "MeetingRoomScene.usda"
  ],
  "recentIdentifiers" : {
    "1F39B1D8-ED8F-42AF-8A9F-23423EF17C19" : [

    ],
    "8605B263-27DD-43B3-992E-8B35A793CFA7" : [

    ]
  },
  "sceneCameraHistory" : {
    "1F39B1D8-ED8F-42AF-8A9F-23423EF17C19" : [
      {
        "date" : 783758098.371158,
        "title" : "Untitled",
        "transform" : [
          -0.7680999,
          -1.6126284e-08,
          0.64033,
          0,
          0.26585844,
          0.90973485,
          0.31890714,
          0,
          -0.5825305,
          0.41518968,
          -0.6987672,
          0,
          -0.8151717,
          1.7477543,
          -1.3054248,
          1
        ]
      },
      {
        "date" : 783758087.753576,
        "title" : "Untitled",
        "transform" : [
          -0.96331054,
          5.8397003e-09,
          -0.2683892,
          0,
          0.05331032,
          0.9800744,
          -0.191343,
          0,
          0.26304138,
          -0.19863065,
          -0.94411606,
          0,
          0.65145046,
          0.41741604,
          -1.7086874,
          1
        ]
      },
      {
        "date" : 783758073.758604,
        "title" : "Untitled",
        "transform" : [
          -0.96331054,
          5.8397003e-09,
          -0.2683892,
          0,
          0.05331032,
          0.9800744,
          -0.191343,
          0,
          0.26304138,
          -0.19863065,
          -0.94411606,
          0,
          3.0554757,
          1.9577922,
          -8.014198,
          1
        ]
      },
      {
        "date" : 783758070.889006,
        "title" : "Untitled",
        "transform" : [
          -0.96331054,
          5.8397003e-09,
          -0.2683892,
          0,
          0.05331032,
          0.9800744,
          -0.191343,
          0,
          0.26304138,
          -0.19863065,
          -0.94411606,
          0,
          3.17845,
          1.8649313,
          -8.455579,
          1
        ]
      },
      {
        "date" : 783758066.606192,
        "title" : "Untitled",
        "transform" : [
          -0.96331054,
          5.8397003e-09,
          -0.2683892,
          0,
          0.05331032,
          0.9800744,
          -0.191343,
          0,
          0.26304138,
          -0.19863065,
          -0.94411606,
          0,
          3.479424,
          1.6376586,
          -9.53584,
          1
        ]
      },
      {
        "date" : 783758059.872775,
        "title" : "Untitled",
        "transform" : [
          -0.9500362,
          2.1214728e-09,
          -0.31213984,
          0,
          0.034965344,
          0.99370617,
          -0.10642134,
          0,
          0.3101753,
          -0.1120182,
          -0.9440568,
          0,
          5.211957,
          -0.0152369505,
          -8.70544,
          1
        ]
      },
      {
        "date" : 783758058.686869,
        "title" : "Untitled",
        "transform" : [
          -0.95003617,
          1.7306094e-08,
          -0.31213984,
          0,
          0.034965407,
          0.9937061,
          -0.10642151,
          0,
          0.3101753,
          -0.1120182,
          -0.9440568,
          0,
          5.211957,
          -0.0152369505,
          -8.70544,
          1
        ]
      },
      {
        "date" : 783758038.43984,
        "title" : "Untitled",
        "transform" : [
          0.19498649,
          1.8933584e-08,
          0.98080593,
          0,
          -0.75801986,
          0.6345838,
          0.1506961,
          0,
          -0.6224037,
          -0.77285403,
          0.12373529,
          0,
          2.7446587,
          -3.0113127,
          -8.094888,
          1
        ]
      },
      {
        "date" : 783758035.338137,
        "title" : "Untitled",
        "transform" : [
          0.0996642,
          4.377548e-09,
          -0.9950212,
          0,
          -0.99441504,
          0.034899462,
          -0.099603474,
          0,
          0.034725722,
          0.9993909,
          0.0034781804,
          0,
          5.305072,
          3.8940058,
          -8.563414,
          1
        ]
      },
      {
        "date" : 783758032.571555,
        "title" : "Untitled",
        "transform" : [
          -0.8115958,
          4.7016835e-10,
          -0.5842194,
          0,
          -0.12970836,
          0.9750421,
          0.18019047,
          0,
          0.5696385,
          0.22201997,
          -0.7913401,
          0,
          11.769656,
          2.5723593,
          -17.745583,
          1
        ]
      }
    ],
    "8605B263-27DD-43B3-992E-8B35A793CFA7" : [
      {
        "date" : 783756508.400553,
        "title" : "Untitled",
        "transform" : [
          0.93132275,
          -6.273204e-08,
          -0.36419493,
          0,
          -0.31952494,
          0.47985834,
          -0.81709236,
          0,
          0.1747619,
          0.87734604,
          0.44690293,
          0,
          0.67356604,
          2.581358,
          1.5070986,
          1
        ]
      },
      {
        "date" : 783756403.709702,
        "title" : "Untitled",
        "transform" : [
          0.9144577,
          -5.9445604e-08,
          -0.4046817,
          0,
          -0.1891988,
          0.88397986,
          -0.42753187,
          0,
          0.35773042,
          0.4675251,
          0.808362,
          0,
          1.2042878,
          1.2449049,
          2.5275183,
          1
        ]
      },
      {
        "date" : 783756398.159772,
        "title" : "Untitled",
        "transform" : [
          0.6338896,
          -5.9572386e-08,
          -0.77342343,
          0,
          -0.34075582,
          0.89771277,
          -0.27927992,
          0,
          0.6943121,
          0.4405812,
          0.5690508,
          0,
          3.0482502,
          1.6710721,
          2.3969054,
          1
        ]
      },
      {
        "date" : 783756395.193408,
        "title" : "Untitled",
        "transform" : [
          0.6338896,
          -5.9572386e-08,
          -0.77342343,
          0,
          -0.34075582,
          0.89771277,
          -0.27927992,
          0,
          0.6943121,
          0.4405812,
          0.5690508,
          0,
          3.1278002,
          1.7323953,
          2.2523658,
          1
        ]
      },
      {
        "date" : 783756392.009,
        "title" : "Untitled",
        "transform" : [
          0.9951994,
          -1.25825474e-08,
          0.09786825,
          0,
          0.082417734,
          0.5392755,
          -0.8380866,
          0,
          -0.052777942,
          0.84212935,
          0.53668666,
          0,
          0.0049314424,
          3.475233,
          2.4042141,
          1
        ]
      },
      {
        "date" : 783756389.457997,
        "title" : "Untitled",
        "transform" : [
          0.9951994,
          -1.25825474e-08,
          0.09786825,
          0,
          0.082417734,
          0.5392755,
          -0.8380866,
          0,
          -0.052777942,
          0.84212935,
          0.53668666,
          0,
          -0.1266905,
          3.6558902,
          2.1077967,
          1
        ]
      },
      {
        "date" : 783756383.599384,
        "title" : "Untitled",
        "transform" : [
          0.9951994,
          -1.25825474e-08,
          0.09786825,
          0,
          0.082417734,
          0.5392755,
          -0.8380866,
          0,
          -0.052777942,
          0.84212935,
          0.53668666,
          0,
          -0.021116786,
          0.60936403,
          0.35132766,
          1
        ]
      },
      {
        "date" : 783756367.755386,
        "title" : "Untitled",
        "transform" : [
          0.9951994,
          -1.25825474e-08,
          0.09786825,
          0,
          0.082417734,
          0.5392755,
          -0.8380866,
          0,
          -0.052777942,
          0.84212935,
          0.53668666,
          0,
          -0.0042471886,
          0.1225605,
          0.07066202,
          1
        ]
      },
      {
        "date" : 783756362.993301,
        "title" : "Untitled",
        "transform" : [
          0.9951994,
          -1.25825474e-08,
          0.09786825,
          0,
          0.082417734,
          0.5392755,
          -0.8380866,
          0,
          -0.052777942,
          0.84212935,
          0.53668666,
          0,
          3.3888774,
          1.9464531,
          5.874732,
          1
        ]
      },
      {
        "date" : 783756359.105882,
        "title" : "Untitled",
        "transform" : [
          0.9951993,
          -9.86708e-09,
          0.09786825,
          0,
          0.082417734,
          0.53927547,
          -0.8380866,
          0,
          -0.052777935,
          0.84212935,
          0.5366866,
          0,
          7.3546433,
          -6.8032312,
          5.0289707,
          1
        ]
      }
    ]
  },
  "sceneViewportBackgroundColors" : {

  },
  "selectedSceneRelativePath" : "MeetingRoomScene.usda"
}