{
  "advancedEditorSelectedIdentifier" : "ProjectBrowser",
  "openSceneRelativePaths" : [
    "ClassPresent1.usda",
    "ClassPresent2.usda",
    "ClassPresent3.usda",
    "ClassPresent4.usda"
  ],
  "recentIdentifiers" : {
    "350EAD85-4EB2-43DF-A40B-4B3DA72020DE" : [

    ],
    "461DF760-A7F4-4F61-A661-B72E04776EF8" : [

    ],
    "D8B7F499-1EF4-439A-AA5D-87901D09329F" : [

    ],
    "E0D856D3-D762-4F47-B548-E2BEC4851CBC" : [

    ]
  },
  "sceneCameraHistory" : {
    "26DBAE76-5DD8-47B6-A085-1B4ADA111097" : [
      {
        "date" : 786349611.94948,
        "title" : "Untitled",
        "transform" : [
          1,
          0,
          0,
          0,
          0,
          0.7071069,
          -0.70710677,
          0,
          0,
          0.70710677,
          0.7071069,
          0,
          0,
          0.6802311,
          0.6802312,
          1
        ]
      }
    ],
    "350EAD85-4EB2-43DF-A40B-4B3DA72020DE" : [
      {
        "date" : 786359907.953423,
        "title" : "Untitled",
        "transform" : [
          -0.9919586,
          -1.5329705e-09,
          0.12656268,
          0,
          0.011384344,
          0.9959463,
          0.08922698,
          0,
          -0.12604953,
          0.08995032,
          -0.9879375,
          0,
          -2.623861,
          1.4382898,
          -3.376719,
          1
        ]
      },
      {
        "date" : 786359898.920078,
        "title" : "Untitled",
        "transform" : [
          -0.22373122,
          1.7025839e-09,
          0.97465086,
          0,
          -0.04324009,
          0.9990154,
          -0.009925766,
          0,
          -0.9736912,
          -0.04436468,
          -0.22351098,
          0,
          -6.241383,
          1.3746911,
          1.8601475,
          1
        ]
      },
      {
        "date" : 786359894.785003,
        "title" : "Untitled",
        "transform" : [
          -0.30037132,
          1.6780564e-09,
          -0.9538223,
          0,
          0.03987218,
          0.99912596,
          -0.012556282,
          0,
          0.9529886,
          -0.041802514,
          -0.30010876,
          0,
          4.4379196,
          1.38922,
          -4.7623234,
          1
        ]
      },
      {
        "date" : 786359882.319265,
        "title" : "Untitled",
        "transform" : [
          0.75490355,
          1.2924986e-09,
          -0.6558358,
          0,
          0.04999897,
          0.99708974,
          0.057551596,
          0,
          0.6539271,
          -0.07623701,
          0.7527066,
          0,
          6.1662855,
          1.1930639,
          2.2041564,
          1
        ]
      },
      {
        "date" : 786352069.600321,
        "title" : "Untitled",
        "transform" : [
          0.19884796,
          1.4797703e-09,
          -0.98003036,
          0,
          -0.14817628,
          0.9885039,
          -0.030064937,
          0,
          0.96876377,
          0.1511956,
          0.19656199,
          0,
          5.8229227,
          2.4528341,
          -2.0933127,
          1
        ]
      },
      {
        "date" : 786352061.833629,
        "title" : "Untitled",
        "transform" : [
          0.9389555,
          1.5226136e-09,
          0.3440385,
          0,
          0.04763928,
          0.99036646,
          -0.13001792,
          0,
          -0.3407242,
          0.1384708,
          0.9299101,
          0,
          0,
          1.6,
          2,
          1
        ]
      },
      {
        "date" : 786352053.351273,
        "title" : "Untitled",
        "transform" : [
          0.35464633,
          -2.5095188e-09,
          -0.93500054,
          0,
          0.20517565,
          0.97562623,
          0.07782326,
          0,
          0.91221106,
          -0.21943909,
          0.34600225,
          0,
          2.4594378,
          1.118464,
          1.2279751,
          1
        ]
      },
      {
        "date" : 786352041.433923,
        "title" : "Untitled",
        "transform" : [
          0.93794036,
          -5.122027e-10,
          -0.3467968,
          0,
          -0.025108373,
          0.9973756,
          -0.06790765,
          0,
          0.34588668,
          0.07240082,
          0.93547875,
          0,
          2.0172997,
          2.0172503,
          1.7619057,
          1
        ]
      },
      {
        "date" : 786352028.850294,
        "title" : "Untitled",
        "transform" : [
          0.632204,
          2.7269778e-09,
          0.77480197,
          0,
          -0.09648282,
          0.99221635,
          0.078725696,
          0,
          -0.7687712,
          -0.12452578,
          0.62728316,
          0,
          -1.4790721,
          1.3408296,
          0.96950865,
          1
        ]
      },
      {
        "date" : 786352000.183768,
        "title" : "Untitled",
        "transform" : [
          0.9994632,
          -1.5363696e-10,
          -0.032760378,
          0,
          0.004576136,
          0.990196,
          0.1396101,
          0,
          0.032439195,
          -0.13968508,
          0.9896645,
          0,
          0.11489967,
          0.93484735,
          2.0892353,
          1
        ]
      }
    ],
    "461DF760-A7F4-4F61-A661-B72E04776EF8" : [
      {
        "date" : 786352839.173629,
        "title" : "Untitled",
        "transform" : [
          0.6714611,
          -3.0555989e-09,
          0.7410398,
          0,
          0.11765151,
          0.9873163,
          -0.10660482,
          0,
          -0.7316407,
          0.15876545,
          0.66294456,
          0,
          -2.2276142,
          2.1144133,
          0.58545125,
          1
        ]
      },
      {
        "date" : 786352831.253392,
        "title" : "Untitled",
        "transform" : [
          0.99912286,
          -3.2129084e-11,
          0.041876294,
          0,
          0.0005058009,
          0.99992704,
          -0.012067859,
          0,
          -0.04187324,
          0.012078456,
          0.99904996,
          0,
          0,
          1.6,
          2,
          1
        ]
      },
      {
        "date" : 786352825.234135,
        "title" : "Untitled",
        "transform" : [
          0.7855905,
          6.54245e-09,
          -0.61874676,
          0,
          -0.34689683,
          0.82805675,
          -0.44043684,
          0,
          0.5123574,
          0.56064427,
          0.6505135,
          0,
          1.4949298,
          3.321169,
          0.7019911,
          1
        ]
      },
      {
        "date" : 786352817.557333,
        "title" : "Untitled",
        "transform" : [
          0.96853137,
          -3.3753026e-06,
          0.24889174,
          0,
          0.083091885,
          0.94263154,
          -0.32332897,
          0,
          -0.23461209,
          0.3338351,
          0.9129684,
          0,
          0,
          1.6,
          2,
          1
        ]
      },
      {
        "date" : 786352804.319243,
        "title" : "Untitled",
        "transform" : [
          0.97299004,
          -1.0411866e-05,
          0.2308474,
          0,
          0.1127872,
          0.8725411,
          -0.47534317,
          0,
          -0.20141889,
          0.48854077,
          0.84897494,
          0,
          0,
          1.6,
          2,
          1
        ]
      },
      {
        "date" : 786352791.203217,
        "title" : "Untitled",
        "transform" : [
          0.85738796,
          -9.170917e-09,
          0.51467067,
          0,
          0.22121954,
          0.902911,
          -0.36852878,
          0,
          -0.46470186,
          0.42982736,
          0.77414507,
          0,
          0,
          1.6,
          2,
          1
        ]
      },
      {
        "date" : 786352782.152616,
        "title" : "Untitled",
        "transform" : [
          0.973071,
          -2.358158e-10,
          0.23050582,
          0,
          0.020884844,
          0.995887,
          -0.088164516,
          0,
          -0.22955775,
          0.0906044,
          0.96906865,
          0,
          -0.8005771,
          1.9226798,
          1.7445556,
          1
        ]
      },
      {
        "date" : 786352746.560469,
        "title" : "Untitled",
        "transform" : [
          0.93933636,
          -5.249574e-10,
          -0.34299758,
          0,
          0.051806707,
          0.9885275,
          0.14187832,
          0,
          0.33906254,
          -0.15104103,
          0.9285597,
          0,
          1.2724319,
          1.0447798,
          1.8846935,
          1
        ]
      },
      {
        "date" : 786352731.870121,
        "title" : "Untitled",
        "transform" : [
          0.9740735,
          -2.2026554e-09,
          -0.22623162,
          0,
          0.031390987,
          0.9903266,
          0.13515851,
          0,
          0.22404319,
          -0.13875596,
          0.96465087,
          0,
          0.81868124,
          1.1037134,
          2.0249527,
          1
        ]
      },
      {
        "date" : 786352725.592082,
        "title" : "Untitled",
        "transform" : [
          0.684289,
          1.0926611e-09,
          -0.729211,
          0,
          -0.20353799,
          0.96025604,
          -0.19099931,
          0,
          0.70022917,
          0.27912086,
          0.6570926,
          0,
          1.570559,
          2.2400732,
          0.87940574,
          1
        ]
      }
    ],
    "9BB58F97-D7AB-44ED-A974-434432C5909A" : [
      {
        "date" : 786359856.087034,
        "title" : "Untitled",
        "transform" : [
          -0.6326484,
          -3.3154013e-09,
          0.7744391,
          0,
          0.2131546,
          0.96137637,
          0.17412849,
          0,
          -0.74452746,
          0.27523738,
          -0.6082132,
          0,
          -15.859666,
          5.8630137,
          -12.955947,
          1
        ]
      },
      {
        "date" : 786359849.303192,
        "title" : "Untitled",
        "transform" : [
          -0.949679,
          -3.5600678e-09,
          0.3132246,
          0,
          0.12221787,
          0.92073345,
          0.37055746,
          0,
          -0.28839642,
          0.39019236,
          -0.8744013,
          0,
          -0.74587953,
          1.0091546,
          -2.2614636,
          1
        ]
      }
    ],
    "D8B7F499-1EF4-439A-AA5D-87901D09329F" : [
      {
        "date" : 786351521.639291,
        "title" : "Untitled",
        "transform" : [
          0.98987293,
          -2.1181346e-10,
          0.14195564,
          0,
          -0.0092501445,
          0.9978747,
          0.06450232,
          0,
          -0.14165394,
          -0.06516222,
          0.98776925,
          0,
          -1.2715183,
          1.0102,
          1.7403212,
          1
        ]
      },
      {
        "date" : 786351512.223383,
        "title" : "Untitled",
        "transform" : [
          0.8726323,
          1.1687266e-09,
          0.48837766,
          0,
          -0.076266594,
          0.9877312,
          0.13627301,
          0,
          -0.48238587,
          -0.15616314,
          0.86192626,
          0,
          -4.2206287,
          0.20108604,
          0.3773985,
          1
        ]
      },
      {
        "date" : 786351500.172034,
        "title" : "Untitled",
        "transform" : [
          0.9900697,
          -4.091405e-10,
          0.14057757,
          0,
          -0.02017627,
          0.98964685,
          0.14209886,
          0,
          -0.13912216,
          -0.14352411,
          0.97981936,
          0,
          -1.2539948,
          0.28379536,
          1.5057411,
          1
        ]
      },
      {
        "date" : 786351494.039245,
        "title" : "Untitled",
        "transform" : [
          0.21347494,
          -1.1036336e-09,
          -0.97694856,
          0,
          -0.32308212,
          0.94373405,
          -0.070597306,
          0,
          0.92197967,
          0.33070537,
          0.20146357,
          0,
          9.559624,
          4.8557878,
          -5.261945,
          1
        ]
      },
      {
        "date" : 786351476.023658,
        "title" : "Untitled",
        "transform" : [
          0.9998686,
          9.273171e-11,
          -0.016211085,
          0,
          0.003252003,
          0.9796725,
          0.2005773,
          0,
          0.015881553,
          -0.20060366,
          0.97954375,
          0,
          0.1475731,
          -0.30640006,
          1.3917933,
          1
        ]
      },
      {
        "date" : 786351468.256576,
        "title" : "Untitled",
        "transform" : [
          0.9274112,
          -9.919683e-10,
          0.37404335,
          0,
          -0.027722716,
          0.9972496,
          0.06873631,
          0,
          -0.37301457,
          -0.07411632,
          0.9248605,
          0,
          -3.5510926,
          0.8858533,
          1.0539904,
          1
        ]
      },
      {
        "date" : 786351454.074159,
        "title" : "Untitled",
        "transform" : [
          0.15581411,
          2.5880946e-09,
          -0.9877864,
          0,
          0.014294782,
          0.9998953,
          0.0022548689,
          0,
          0.9876829,
          -0.014471514,
          0.15579778,
          0,
          3.7204254,
          1.5464516,
          -0.8422129,
          1
        ]
      },
      {
        "date" : 786351448.957371,
        "title" : "Untitled",
        "transform" : [
          0.91725445,
          2.8957987e-09,
          0.39830184,
          0,
          -0.03722578,
          0.9956229,
          0.08572773,
          0,
          -0.3965584,
          -0.09346123,
          0.91323954,
          0,
          -1.4817901,
          1.255223,
          1.7708849,
          1
        ]
      },
      {
        "date" : 786351439.657405,
        "title" : "Untitled",
        "transform" : [
          0.4330152,
          5.310463e-10,
          0.9013866,
          0,
          -0.046381705,
          0.9986753,
          0.022281207,
          0,
          -0.90019256,
          -0.05145595,
          0.4324416,
          0,
          -7.5685616,
          1.1563041,
          -3.201811,
          1
        ]
      },
      {
        "date" : 786351391.856732,
        "title" : "Untitled",
        "transform" : [
          -0.94269264,
          7.1291666e-09,
          0.33366248,
          0,
          0.14610958,
          0.8990255,
          0.41280168,
          0,
          -0.29997107,
          0.43789634,
          -0.84750473,
          0,
          -0.77470213,
          1.1368859,
          -2.166113,
          1
        ]
      }
    ],
    "E0D856D3-D762-4F47-B548-E2BEC4851CBC" : [
      {
        "date" : 786648892.93351,
        "title" : "Untitled",
        "transform" : [
          1,
          0,
          0,
          0,
          0,
          1,
          0,
          0,
          0,
          0,
          1,
          0,
          0.5420289,
          1.2140458,
          -0.93316317,
          1
        ]
      },
      {
        "date" : 786648890.041213,
        "title" : "Untitled",
        "transform" : [
          0.9890641,
          -4.5474735e-11,
          0.14748633,
          0,
          0.0134179,
          0.995853,
          -0.08998233,
          0,
          -0.14687471,
          0.09097725,
          0.98496246,
          0,
          -1.2223027,
          1.2448772,
          -4.928241,
          1
        ]
      },
      {
        "date" : 786648880.093352,
        "title" : "Untitled",
        "transform" : [
          0.99844664,
          -1.814614e-10,
          0.055716578,
          0,
          0.003907949,
          0.9975372,
          -0.07003084,
          0,
          -0.05557936,
          0.070139796,
          0.99598765,
          0,
          -0.5107827,
          1.0762112,
          -4.570439,
          1
        ]
      },
      {
        "date" : 786648852.825978,
        "title" : "Untitled",
        "transform" : [
          1,
          0,
          0,
          0,
          0,
          1,
          0,
          0,
          0,
          0,
          1,
          0,
          -0.10457683,
          0.5542318,
          -4.27461,
          1
        ]
      },
      {
        "date" : 786648851.376669,
        "title" : "Untitled",
        "transform" : [
          1,
          0,
          0,
          0,
          0,
          1,
          0,
          0,
          0,
          0,
          1,
          0,
          -0.10888118,
          0.5111882,
          -4.5328712,
          1
        ]
      },
      {
        "date" : 786648837.143155,
        "title" : "Untitled",
        "transform" : [
          1,
          0,
          0,
          0,
          0,
          1,
          0,
          0,
          0,
          0,
          1,
          0,
          -0.03990914,
          1.2009087,
          -0.39454806,
          1
        ]
      },
      {
        "date" : 786648834.242017,
        "title" : "Untitled",
        "transform" : [
          0.99886495,
          -2.2259669e-10,
          0.04763223,
          0,
          0.00044459692,
          0.99995637,
          -0.009323345,
          0,
          -0.047630154,
          0.009333934,
          0.9988214,
          0,
          0.38077015,
          1.4286085,
          -1.5987282,
          1
        ]
      },
      {
        "date" : 786648800.45913,
        "title" : "Untitled",
        "transform" : [
          0.9974749,
          -7.0718986e-11,
          0.07101935,
          0,
          0.00585276,
          0.9965984,
          -0.08220268,
          0,
          -0.070777774,
          0.08241077,
          0.9940819,
          0,
          0.1948793,
          2.035171,
          -1.7430954,
          1
        ]
      },
      {
        "date" : 786648798.791833,
        "title" : "Untitled",
        "transform" : [
          1,
          0,
          0,
          0,
          0,
          1,
          0,
          0,
          0,
          0,
          1,
          0,
          0.9179988,
          1.1804335,
          -1.373322,
          1
        ]
      },
      {
        "date" : 786648795.975392,
        "title" : "Untitled",
        "transform" : [
          0.97756106,
          -9.257218e-09,
          0.21065205,
          0,
          0.075350694,
          0.93383574,
          -0.34967571,
          0,
          -0.19671442,
          0.3577021,
          0.91288155,
          0,
          0.4844997,
          3.5123348,
          -9.173811,
          1
        ]
      }
    ],
    "E2B5606D-626D-43FA-B6AC-BFC5D0D48049" : [
      {
        "date" : 786349707.598776,
        "title" : "Untitled",
        "transform" : [
          1,
          0,
          0,
          0,
          0,
          0.7071069,
          -0.70710677,
          0,
          0,
          0.70710677,
          0.7071069,
          0,
          0,
          0.74997973,
          0.7499798,
          1
        ]
      }
    ]
  },
  "sceneViewportBackgroundColors" : {

  },
  "selectedSceneRelativePath" : "ClassPresent1.usda"
}